1111111111111111111111111111111111000111111111111111111111111111111111111111111111111111111111111111
1111111111111111111111111111111100000001111111111111100011111111111111111111111111111111111111111111
1111111111111111111111111111111011111110011111111111100001111111111111111111111111111111111111111111
1111111111111111111011111111110111111111101111111111110001111111110001111111111111111111111111111111
1111111111111111111000111111101111111111111111111111111100111111100001111111111111111111111111111111
1111110000000111111010011111011111111111101111111111111110011111001001111111100011111111111111111111
1100000111111001111111011111011111111110001101111011101111011111011001111111010011111111111111111111
1011111111111100110111001110011111111100011100000001101111001110111001111110111011111101111111111111
1011111111111110010111100110111111110001111100111100101111100101111001111100111011111100011110011111
1011111111111100011111110010111111111001111110111100101111110011111011111101111001111101011110000011
1011111100111100001111111011011111110010011111000000101111111111111011111011111001111101001100111001
1001111110111110001111111001011111111100100111111111101111111111111011110111111101111011101101111101
1101111111111010011110111100111111111111010111111111101111111111101011101111111101111011100101111100
1101111111001100011110111010001111111111000111111111101111111111101011011110011100111011110001111101
1101111110110000011111111101010111111110100111111111001111111111101010011110011100111011110001111001
1100111110000111111111111101001011111110001111111111111111111100010010111111111010110111110011111001
1110111110101110111111110001100110000000111111111111100000001111110001111111111010110111111011111001
1110111110101110111111111100000011111111111111111111110000000000000011111111111110010111111111111011
1110111110100101111000000000111111111111111111111111111111111110000000000111100001001111111111110011
1110110001100100000000111111111111111111111111111111111111111111111110000000001111001111111111010011
1110011100000110111111111111111111111111111111111111111111111111111111111110000000001111111111010111
1111000000011111111111111111111111111111111111111111111111111111111111111111111000000011110111000111
1111111111111111111111111111111111111111111111111111111111111111111111111111111111100000011000100111
1111111111111111111111111111111111111111111111111111111111111111111111111111111111111110000011100111
1111111111111111111111111111111111111111111111111111111111111111111111111111111111111111110000001111
1111111111111111111111111111111111111111111111111111111111111111111111111111111111111111111110001111
1111111111111111111111111111111111111111111111111111111111111111111111111111111111111111111111111111